0.658773 388
0.658773 387
0.658655 387
0.658655 386
0.658655 385
0.658655 384
0.658655 383
0.658655 382
0.658655 381
0.658655 380
0.658655 379
0.658655 378
0.658655 377
0.658655 376
0.658604 375
0.658604 374
0.658604 373
0.658604 372
0.658604 371
0.658604 370
0.658604 369
0.658456 369
0.658456 368
0.658456 367
0.658336 367
0.658336 366
0.658336 365
0.658336 364
0.658336 363
0.658336 362
0.658336 361
0.65821 361
0.65821 360
0.65821 359
0.658095 359
0.658095 358
0.658095 357
0.658095 356
0.658095 355
0.658095 354
0.657973 354
0.657973 353
0.657973 352
0.657973 351
0.657863 351
0.657744 351
0.657744 350
0.657644 350
0.657644 349
0.657644 348
0.657644 347
0.657644 346
0.657644 345
0.657644 344
0.657512 344
0.657512 343
0.657418 342
0.657418 341
0.657418 340
0.657418 339
0.657418 338
0.657418 337
0.657418 336
0.657418 335
0.657418 334
0.65731 334
0.65731 333
0.65731 332
0.65731 331
0.65731 330
0.65731 329
0.65731 328
0.65731 327
0.65731 326
0.65731 325
0.65731 324
0.65731 323
0.657196 323
0.657196 322
0.657051 322
0.657051 321
0.657051 320
0.657051 319
0.656907 319
0.656907 318
0.65678 318
0.65678 317
0.656765 316
0.656765 315
0.656765 314
0.656631 314
0.656631 313
0.656631 312
0.656631 311
0.656631 310
0.656631 309
0.65648 309
0.65648 308
0.65648 307
0.65648 306
0.65648 305
0.65648 304
0.656334 304
0.656203 304
0.65607 304
0.65607 303
0.65607 302
0.65607 301
0.655917 301
0.655917 300
0.655917 299
0.655917 298
0.655917 297
0.655917 296
0.655917 295
0.655917 294
0.655917 293
0.655917 292
0.655917 291
0.655917 290
0.655917 289
0.655917 288
0.655917 287
0.655917 286
0.655917 285
0.655917 284
0.655917 283
0.655847 282
0.655847 281
0.655737 281
0.655737 280
0.655737 279
0.655683 278
0.65555 278
0.65555 277
0.65555 276
0.65555 275
0.65555 274
0.65555 273
0.65555 272
0.65555 271
0.65555 270
0.655421 270
0.655421 269
0.655421 268
0.655284 268
0.655284 267
0.655153 267
0.655065 266
0.655065 265
0.655065 264
0.655065 263
0.655065 262
0.654939 262
0.654781 262
0.654781 261
0.654781 260
0.654781 259
0.654627 259
0.654627 258
0.654627 257
0.654627 256
0.654627 255
0.654627 254
0.654493 254
0.654381 254
0.654381 253
0.654381 252
0.654381 251
0.654381 250
0.654381 249
0.654381 248
0.654381 247
0.654381 246
0.654247 246
0.654247 245
0.654247 244
0.654247 243
0.654247 242
0.654141 242
0.654141 241
0.654137 240
0.654137 239
0.65398 239
0.65398 238
0.653892 237
0.653892 236
0.653892 235
0.653892 234
0.653892 233
0.653892 232
0.653892 231
0.653892 230
0.653892 229
0.653892 228
0.653892 227
0.653793 227
0.653636 227
0.653636 226
0.653632 225
0.653632 224
0.653502 224
0.653502 223
0.653502 222
0.653396 222
0.653314 221
0.653314 220
0.653314 219
0.653267 218
0.653267 217
0.653135 217
0.653135 216
0.653135 215
0.653135 214
0.653135 213
0.653022 213
0.653022 212
0.653022 211
0.652889 211
0.652889 210
0.652889 209
0.65286 208
0.652725 208
0.652725 207
0.652632 206
0.652632 205
0.652632 204
0.652632 203
0.652632 202
0.652498 202
0.652411 201
0.652411 200
0.652411 199
0.652304 199
0.652219 198
0.652219 197
0.652219 196
0.652219 195
0.652108 195
0.652108 194
0.651981 194
0.651981 193
0.651981 192
0.651831 192
0.651689 192
0.651537 192
0.651537 191
0.651434 191
0.651339 190
0.651213 190
0.651213 189
0.651213 188
0.651213 187
0.651213 186
0.651213 185
0.651213 184
0.651096 184
0.651096 183
0.651096 182
0.650947 182
0.650821 182
0.650721 182
0.650721 181
0.650721 180
0.650721 179
0.650719 178
0.650719 177
0.650719 176
0.650632 175
0.650632 174
0.65053 174
0.6504 174
0.6504 173
0.6504 172
0.650275 172
0.650275 171
0.650275 170
0.650127 170
0.650127 169
0.650127 168
0.650127 167
0.650002 167
0.649878 167
0.649878 166
0.649878 165
0.649878 164
0.649878 163
0.649878 162
0.649878 161
0.649878 160
0.649733 160
0.649733 159
0.649733 158
0.649733 157
0.649733 156
0.649733 155
0.649601 155
0.649601 154
0.649601 153
0.649601 152
0.649601 151
0.649473 151
0.649473 150
0.649327 150
0.649327 149
0.649198 149
0.649198 148
0.649198 147
0.649179 146
0.64904 146
0.64904 145
0.64904 144
0.64904 143
0.64904 142
0.64904 141
0.64904 140
0.648903 140
0.648903 139
0.648783 139
0.648638 139
0.648638 138
0.648638 137
0.648521 137
0.648391 137
0.648391 136
0.648267 136
0.648116 136
0.647979 136
0.647838 136
0.647838 134
0.647712 134
0.647712 133
0.647566 133
0.647566 132
0.647566 131
0.647464 131
0.647464 130
0.647331 130
0.647222 130
0.647222 129
0.647222 128
0.647074 128
0.646939 128
0.646939 127
0.646939 126
0.646939 125
0.646939 124
0.646939 123
0.646817 123
0.646817 122
0.646817 121
0.646817 120
0.646659 120
0.646502 120
0.646502 119
0.646341 119
0.646341 118
0.646193 118
0.646193 117
0.646193 116
0.646036 116
0.64594 115
0.64594 114
0.645803 114
0.645664 114
0.645528 114
0.645367 114
0.645237 114
0.645109 114
0.645109 113
0.644985 113
0.644985 112
0.644985 111
0.644985 110
0.644838 110
0.644838 109
0.644838 108
0.644838 107
0.644735 107
0.644735 106
0.644735 105
0.644586 105
0.644586 104
0.644451 104
0.644336 104
0.644336 103
0.644193 103
0.644055 103
0.644055 102
0.643941 102
0.643941 101
0.643941 100
0.643941 99
0.643941 98
0.643941 97
0.643809 97
0.643704 97
0.643704 96
0.643656 95
0.643525 95
0.643525 94
0.643384 94
0.643235 94
0.643097 94
0.643097 93
0.642981 93
0.642834 93
0.642731 93
0.642731 92
0.642636 91
0.642636 90
0.642514 90
0.642514 89
0.642514 88
0.642399 88
0.642293 88
0.642293 87
0.642293 86
0.642293 85
0.642121 85
0.641949 85
0.64181 85
0.64181 84
0.641658 84
0.641491 84
0.641354 84
0.641202 84
0.641061 84
0.640912 84
0.640764 84
0.640764 83
0.640764 82
0.640623 82
0.640485 82
0.640485 81
0.640354 81
0.640213 81
0.640077 81
0.639929 81
0.639929 80
0.639812 80
0.63969 80
0.639545 80
0.639418 80
0.639299 80
0.639299 79
0.639175 79
0.639067 79
0.638927 79
0.638927 78
0.638791 78
0.638791 77
0.638667 77
0.638521 77
0.638521 76
0.638521 75
0.638521 74
0.638348 74
0.638217 74
0.638217 73
0.638217 72
0.638215 71
0.638214 70
0.638075 70
0.637944 70
0.637944 69
0.637832 69
0.637676 69
0.637538 69
0.637386 69
0.637386 68
0.637386 67
0.637239 67
0.637239 66
0.637089 66
0.636958 66
0.636958 65
0.636813 65
0.636813 64
0.63666 64
0.636516 64
0.636516 63
0.636516 62
0.636516 61
0.636356 61
0.63622 61
0.636087 61
0.635945 61
0.635807 61
0.635641 61
0.635641 60
0.635498 60
0.635417 59
0.635297 59
0.635169 59
0.635038 59
0.635038 58
0.634928 58
0.634798 58
0.634651 58
0.634508 58
0.634408 58
0.634247 58
0.634085 58
0.633939 58
0.633816 58
0.633816 57
0.63369 57
0.633555 57
0.633555 56
0.633399 56
0.63328 56
0.633141 56
0.633008 56
0.632871 56
0.632736 56
0.632608 56
0.632471 56
0.632464 55
0.632329 55
0.632164 55
0.632164 54
0.632036 54
0.632036 53
0.631883 53
0.631745 53
0.631584 53
0.631454 53
0.631414 52
0.631262 52
0.631262 51
0.631114 51
0.63096 51
0.630807 51
0.630662 51
0.630526 51
0.630526 50
0.630526 49
0.630371 49
0.630233 49
0.630233 48
0.630233 47
0.630074 47
0.630074 46
0.629935 46
0.629788 46
0.629788 45
0.629651 45
0.629501 45
0.629365 45
0.629222 45
0.629072 45
0.629024 44
0.628883 44
0.628761 44
0.62864 44
0.628507 44
0.628371 44
0.628371 43
0.628248 43
0.628116 43
0.627958 43
0.627958 42
0.627815 42
0.627815 41
0.627698 41
0.627698 40
0.627552 40
0.62743 40
0.627288 40
0.627132 40
0.626992 40
0.626839 40
0.626694 40
0.626551 40
0.626427 40
0.626315 40
0.626227 39
0.62612 39
0.625977 39
0.625839 39
0.6257 39
0.625582 39
0.625444 39
0.625294 39
0.625176 39
0.625033 39
0.624894 39
0.624894 38
0.624742 38
0.6246 38
0.624449 38
0.624294 38
0.62414 38
0.623998 38
0.62386 38
0.623725 38
0.623575 38
0.623438 38
0.623312 38
0.623159 38
0.623009 38
0.62286 38
0.622731 38
0.622614 38
0.622486 38
0.622486 37
0.622326 37
0.622201 37
0.622055 37
0.621917 37
0.621763 37
0.621665 37
0.621528 37
0.62137 37
0.621221 37
0.621101 37
0.620984 37
0.620865 37
0.620721 37
0.620586 37
0.620473 37
0.620363 37
0.620363 36
0.62023 36
0.620087 36
0.619962 36
0.619852 36
0.619712 36
0.619568 36
0.619439 36
0.619299 36
0.619161 36
0.619011 36
0.619011 35
0.618888 35
0.618888 34
0.618745 34
0.618595 34
0.618511 33
0.618371 33
0.618233 33
0.618098 33
0.61796 33
0.617823 33
0.617694 33
0.617583 33
0.617583 32
0.61745 32
0.617309 32
0.617176 32
0.617066 32
0.616918 32
0.616781 32
0.616689 31
0.616543 31
0.616407 31
0.616264 31
0.616159 31
0.616159 30
0.616007 30
0.615857 30
0.615736 30
0.615596 30
0.615453 30
0.615317 30
0.615317 29
0.615195 29
0.615084 29
0.614953 29
0.614814 29
0.614704 29
0.614576 29
0.614422 29
0.614273 29
0.61413 29
0.613994 29
0.613858 29
0.613858 28
0.613726 28
0.613595 28
0.613436 28
0.613288 28
0.613182 28
0.613047 28
0.612907 28
0.612762 28
0.612624 28
0.61249 28
0.612352 28
0.61221 28
0.612084 28
0.61194 28
0.611835 28
0.611706 28
0.611587 28
0.611452 28
0.611321 28
0.611175 28
0.611072 28
0.610921 28
0.610773 28
0.61062 28
0.610464 28
0.61035 28
0.610212 28
0.610091 28
0.609943 28
0.609814 28
0.609684 28
0.609539 28
0.609539 27
0.60942 27
0.609276 27
0.609134 27
0.608984 27
0.60884 27
0.608718 27
0.60857 27
0.608453 27
0.60833 27
0.608187 27
0.608046 27
0.607904 27
0.607807 27
0.607657 27
0.607515 27
0.607365 27
0.607213 27
0.607085 27
0.606959 27
0.606826 27
0.606694 27
0.606543 27
0.606418 27
0.606265 27
0.606123 27
0.605989 27
0.605848 27
0.60571 27
0.605538 27
0.605408 27
0.605276 27
0.60517 27
0.60502 27
0.604892 27
0.604757 27
0.604606 27
0.604444 27
0.604318 27
0.60418 27
0.604042 27
0.603891 27
0.603891 26
0.603756 26
0.603601 25
0.603601 24
0.603501 24
0.603362 24
0.603227 24
0.603227 23
0.603098 23
0.60296 23
0.602821 23
0.602682 23
0.602549 23
0.602387 23
0.602251 23
0.60211 23
0.601978 23
0.601837 23
0.601837 22
0.601696 22
0.601555 22
0.601409 22
0.601269 22
0.601136 22
0.600995 22
0.600834 22
0.600834 21
0.600834 20
0.600716 20
0.600585 20
0.600442 20
0.600312 20
0.600312 19
0.600184 19
0.599941 19
0.599812 19
0.59954 19
0.599408 19
0.59926 19
0.599126 19
0.598999 19
0.598859 19
0.598707 19
0.598564 19
0.598437 19
0.598322 19
0.598191 19
0.598056 19
0.597918 19
0.597785 19
0.597785 18
0.597643 18
0.597497 18
0.59736 18
0.597227 18
0.597092 18
0.596949 18
0.596805 18
0.596665 18
0.596512 18
0.59626 18
0.596112 18
0.595817 18
0.595671 18
0.595534 18
0.595534 17
0.595409 17
0.595263 17
0.595141 17
0.594999 17
0.594854 17
0.594707 17
0.594562 17
0.594447 17
0.594319 17
0.594179 17
0.594025 17
0.594025 16
0.593868 16
0.593595 16
0.593433 16
0.593284 16
0.593142 16
0.592997 16
0.592883 16
0.592758 16
0.592628 16
0.592503 16
0.592365 16
0.592218 16
0.592067 16
0.591912 16
0.591759 16
0.59163 16
0.591484 16
0.591345 16
0.591216 16
0.591078 16
0.591078 15
0.590972 15
0.590816 15
0.59054 15
0.590395 15
0.590262 15
0.590127 15
0.589975 15
0.589832 15
0.589693 15
0.589446 15
0.589309 15
0.589048 15
0.588896 15
0.588734 15
0.588594 15
0.588474 15
0.588333 15
0.588193 15
0.588054 15
0.587911 15
0.587768 15
0.587639 15
0.587493 15
0.587344 15
0.587199 15
0.587061 15
0.586922 15
0.586784 15
0.586654 15
0.5865 15
0.586387 15
0.586237 15
0.586091 15
0.585821 15
0.585667 15
0.585515 15
0.585345 15
0.5852 15
0.585042 15
0.585041 14
0.584885 14
0.584723 14
0.584586 14
0.584464 14
0.584322 14
0.584322 13
0.584187 13
0.584063 13
0.583918 13
0.583768 13
0.583634 13
0.5835 13
0.583401 13
0.583255 13
0.582962 13
0.582813 13
0.582679 13
0.582537 13
0.58241 13
0.582274 13
0.582147 13
0.58201 13
0.581859 13
0.581724 13
0.581587 13
0.581322 13
0.581178 13
0.581056 13
0.580918 13
0.580788 13
0.580644 13
0.580515 13
0.58037 13
0.580219 13
0.580077 13
0.579945 13
0.579808 13
0.579671 13
0.579541 13
0.579408 13
0.579278 13
0.579171 13
0.579024 13
0.578875 13
0.578732 13
0.578614 13
0.578476 13
0.578334 13
0.578183 13
0.578035 13
0.577884 13
0.577747 13
0.577614 13
0.577468 13
0.577328 13
0.576916 13
0.576761 13
0.576761 12
0.576606 12
0.576465 12
0.576308 12
0.576175 12
0.576022 12
0.575864 12
0.575701 12
0.575558 12
0.575416 12
0.575298 12
0.575144 12
0.575008 12
0.574868 12
0.574607 12
0.574465 12
0.574314 12
0.574168 12
0.574054 12
0.573906 12
0.573783 12
0.573783 11
0.573655 11
0.573529 11
0.573389 11
0.573245 11
0.573109 11
0.572962 11
0.572689 11
0.572534 11
0.572388 11
0.572251 11
0.572106 11
0.571954 11
0.571814 11
0.571672 11
0.571529 11
0.571403 11
0.571265 11
0.571121 11
0.570978 11
0.570834 11
0.570701 11
0.570574 11
0.570434 11
0.570295 11
0.570146 11
0.569988 11
0.569873 11
0.569727 11
0.569594 11
0.569446 11
0.569299 11
0.569154 11
0.56902 11
0.568889 11
0.568748 11
0.56862 11
0.568484 11
0.568332 11
0.568191 11
0.567931 11
0.567787 11
0.567643 11
0.567488 11
0.567355 11
0.567214 11
0.56707 11
0.566929 11
0.566637 11
0.566223 11
0.56608 11
0.565954 11
0.565514 11
0.565226 11
0.565101 11
0.564968 11
0.564823 11
0.56469 11
0.564543 11
0.564404 11
0.564257 11
0.564101 11
0.563796 11
0.563656 11
0.563502 11
0.563199 11
0.563064 11
0.562949 11
0.562827 11
0.562678 11
0.562538 11
0.562385 11
0.562221 11
0.561934 11
0.561784 11
0.56167 11
0.561395 11
0.561256 11
0.561103 11
0.560954 11
0.560817 11
0.560701 11
0.560576 11
0.560295 11
0.559988 11
0.559854 11
0.559718 11
0.559578 11
0.559446 11
0.559324 11
0.559192 11
0.559057 11
0.558929 11
0.558793 11
0.558638 11
0.558504 11
0.558205 11
0.558075 11
0.557942 11
0.557826 11
0.557826 10
0.557695 10
0.55756 9
0.557423 9
0.55717 9
0.557042 9
0.556782 9
0.556639 9
0.556489 9
0.556352 9
0.556217 9
0.556078 9
0.55594 9
0.555815 9
0.55567 9
0.555381 9
0.555236 9
0.555093 9
0.554953 9
0.554812 9
0.554655 9
0.554522 9
0.554388 9
0.554236 9
0.554097 9
0.553953 9
0.553814 9
0.553681 9
0.553551 9
0.553421 9
0.553285 9
0.552997 9
0.552724 9
0.552584 9
0.552287 9
0.551709 9
0.551422 9
0.551291 9
0.551154 9
0.551018 9
0.550885 9
0.550749 9
0.550608 9
0.550458 9
0.55017 9
0.550032 9
0.549901 9
0.549655 9
0.549516 9
0.549372 9
0.549087 9
0.54894 9
0.548798 9
0.548522 9
0.548392 9
0.548124 9
0.547839 9
0.547714 9
0.547562 9
0.547453 8
0.547329 8
0.547028 8
0.546739 8
0.546609 8
0.546338 8
0.54605 8
0.545892 8
0.545747 8
0.545468 8
0.545342 8
0.545215 8
0.544943 8
0.544521 8
0.544225 8
0.544083 8
0.543941 8
0.543799 8
0.54365 8
0.543505 8
0.543245 8
0.542993 8
0.542727 8
0.542421 8
0.542128 8
0.541992 8
0.541717 8
0.541438 8
0.541296 8
0.541149 8
0.541012 8
0.540872 8
0.540718 8
0.540599 8
0.540469 8
0.540326 8
0.540033 8
0.539888 8
0.539741 8
0.539604 8
0.539459 8
0.539459 7
0.539307 7
0.539178 7
0.539034 7
0.538898 7
0.538758 7
0.538606 7
0.538453 7
0.538323 7
0.538183 7
0.538031 7
0.537905 7
0.537633 7
0.53749 7
0.537341 7
0.537187 7
0.53705 7
0.536905 7
0.536767 7
0.536623 7
0.536489 7
0.536223 7
0.535934 7
0.535802 7
0.535527 7
0.535381 7
0.53511 7
0.534808 7
0.534531 7
0.53439 7
0.534075 7
0.533784 7
0.533657 7
0.533396 7
0.533107 7
0.532972 7
0.532405 7
0.532259 7
0.531985 7
0.531844 7
0.531571 7
0.531432 7
0.53129 7
0.530999 7
0.530851 7
0.530547 7
0.530411 7
0.530263 7
0.530125 7
0.529845 7
0.529602 7
0.529481 7
0.529066 7
0.528934 7
0.528793 7
0.528659 7
0.528515 7
0.528375 7
0.528223 7
0.528075 7
0.527927 7
0.527655 7
0.527231 7
0.527097 7
0.526959 7
0.526822 7
0.526673 7
0.526541 7
0.526399 7
0.526261 7
0.526139 7
0.526003 7
0.525856 7
0.525418 7
0.525002 7
0.524859 7
0.524709 7
0.52445 7
0.524317 7
0.52417 7
0.524044 6
0.523737 6
0.523456 6
0.52332 6
0.523173 6
0.522882 6
0.522757 6
0.522611 6
0.522471 6
0.522327 6
0.522214 6
0.521918 6
0.521782 6
0.521652 6
0.521201 6
0.520918 6
0.520771 6
0.520347 6
0.52022 6
0.520091 6
0.519797 6
0.519648 6
0.519512 6
0.519398 6
0.518803 6
0.518664 6
0.518558 6
0.518412 6
0.517579 6
0.5173 6
0.51717 6
0.516891 6
0.51661 6
0.516488 6
0.516101 6
0.515839 6
0.515562 6
0.515147 6
0.515015 6
0.514617 6
0.513936 6
0.513801 6
0.513652 6
0.513511 6
0.513381 6
0.512669 6
0.512371 6
0.512245 6
0.511824 6
0.511558 6
0.511259 6
0.510695 6
0.510404 6
0.510098 6
0.509961 6
0.509832 6
0.509551 6
0.509143 6
0.509006 6
0.508585 6
0.508449 6
0.508295 6
0.508012 6
0.507583 6
0.507307 6
0.506479 6
0.506198 6
0.50606 6
0.505783 6
0.505637 6
0.505231 6
0.504833 6
0.504696 6
0.504546 6
0.504409 6
0.504275 6
0.504126 6
0.503846 6
0.503703 6
0.50313 6
0.502571 6
0.502303 6
0.502018 6
0.501729 6
0.501574 6
0.501006 6
0.50044 6
0.500305 6
0.500152 6
0.499592 6
0.499161 6
0.498742 6
0.498452 6
0.498164 6
0.497879 6
0.497719 6
0.497594 6
0.497312 6
0.497166 6
0.496771 6
0.49663 6
0.496354 6
0.49547 6
0.495189 6
0.494636 6
0.494371 6
0.494226 6
0.493804 6
0.493524 6
0.493242 6
0.492691 6
0.492262 6
0.491985 6
0.491552 6
0.491405 6
0.491015 6
0.49045 6
0.490179 6
0.489894 6
0.489352 6
0.488909 6
0.488783 6
0.488489 6
0.488057 6
0.48736 6
0.487085 6
0.486642 6
0.486377 6
0.48581 6
0.485386 6
0.485081 6
0.484238 6
0.484101 6
0.483806 6
0.483665 6
0.483238 6
0.483092 6
0.48281 6
0.481957 6
0.481519 6
0.4811 6
0.480653 6
0.480532 6
0.480089 6
0.479688 6
0.47956 6
0.479429 6
0.47889 6
0.478482 6
0.477917 6
0.477356 6
0.47696 6
0.476537 6
0.47609 6
0.47541 6
0.474845 6
0.474296 6
0.473452 6
0.472626 6
0.472062 6
0.47178 6
0.471337 6
0.470935 6
0.47008 6
0.469526 6
0.469224 6
0.46895 6
0.468687 6
0.468144 6
0.467735 6
0.467312 6
0.466745 6
0.466343 6
0.465925 6
0.465513 6
0.464789 6
0.464101 6
0.463588 6
0.463307 6
0.462751 6
0.462028 6
0.461617 6
0.461055 6
0.460494 6
0.459818 6
0.45968 6
0.459382 6
0.458982 6
0.458833 6
0.45799 6
0.457563 6
0.457155 6
0.456721 6
0.456446 6
0.456168 6
0.455466 6
0.455173 6
0.4549 6
0.454612 6
0.454469 6
0.454325 6
0.453897 6
0.45307 6
0.452383 6
0.45194 6
0.451091 6
0.450537 6
0.450276 6
0.449571 6
0.448858 6
0.448016 6
0.447341 6
0.446935 6
0.446645 6
0.446089 6
0.445937 6
0.44526 6
0.444972 6
0.44428 6
0.443413 6
0.442838 6
0.44213 6
0.441981 6
0.441554 6
0.441403 6
0.440845 6
0.440571 6
0.439802 6
0.439646 6
0.438796 6
0.4384 6
0.43756 6
0.437145 6
0.436297 6
0.435727 6
0.435161 6
0.434601 6
0.434174 6
0.433723 6
0.433294 6
0.43286 6
0.432299 6
0.431738 6
0.430922 6
0.430774 6
0.430086 6
0.429526 6
0.429101 6
0.428429 6
0.427145 6
0.426587 6
0.426028 6
0.425 6
0.424286 6
0.423484 6
0.422661 6
0.422242 6
0.42185 6
0.421297 6
0.420886 6
0.420316 6
0.419184 6
0.418606 6
0.41777 6
0.417075 6
0.416089 6
0.41535 6
0.414517 6
0.413827 6
0.412612 6
0.411612 6
0.41074 6
0.409705 6
0.408548 6
0.407719 6
0.40662 6
0.406081 6
0.404648 6
0.404238 6
0.402977 6
0.402098 6
0.401262 6
0.39985 6
0.398837 6
0.397315 6
0.396065 6
0.395102 6
0.393692 6
0.392691 6
0.391869 6
0.391046 6
0.390477 6
0.389231 6
0.387573 6
0.386547 6
0.384969 6
0.383951 5
0.382106 5
0.3811 5
0.38028 5
0.379004 5
0.37706 5
0.375365 4
0.374407 4
0.372705 4
0.371436 4
0.369479 4
0.368609 4
0.367074 4
0.365224 4
0.363952 4
0.361466 4
0.360023 4
0.358229 4
0.356545 4
0.354185 4
0.352045 4
0.350084 4
0.348513 4
0.346264 4
0.344181 4
0.341345 4
0.339374 4
0.337004 4
0.335869 4
0.333856 4
0.331145 4
0.328378 4
0.327407 4
0.324271 4
0.320358 4
0.318417 4
0.315352 4
0.313533 4
0.309823 4
0.306956 4
0.303431 3
0.300492 3
0.29711 3
0.2929 3
0.289666 3
0.2863 3
0.282357 3
0.278731 3
0.274637 3
0.270041 3
0.266105 3
0.261422 3
0.257278 3
0.251736 3
0.246447 3
0.243042 3
0.236434 3
0.232241 3
0.225011 3
0.215965 3
0.20939 3
0.200056 3
0.191142 3
0.183382 2
0.173898 2
0.163299 2
0.150824 2
0.138232 2
0.113328 2
0.0890497 1
0.0530337 1
0 0
