0.908335 388 0.700579
0.908335 387 0.701241
0.908142 387 0.701719
0.908142 386 0.702036
0.908142 385 0.702274
0.908142 384 0.703679
0.908142 383 0.704052
0.908142 382 0.705214
0.908142 381 0.705436
0.908142 380 0.706636
0.908142 379 0.706705
0.908142 378 0.706971
0.908142 377 0.709446
0.908142 376 0.709462
0.908142 375 0.710626
0.908142 374 0.710764
0.908142 373 0.712488
0.908142 372 0.715556
0.908142 371 0.715567
0.908142 370 0.717015
0.908142 369 0.717924
0.907948 369 0.719313
0.907948 368 0.719887
0.907948 367 0.720509
0.907755 367 0.721034
0.907755 366 0.721066
0.907755 365 0.72115
0.907755 364 0.721293
0.907755 363 0.722977
0.907755 362 0.724146
0.907755 361 0.72457
0.907561 361 0.727295
0.907561 360 0.727834
0.907561 359 0.729932
0.907368 359 0.730639
0.907368 358 0.730731
0.907368 357 0.732269
0.907368 356 0.733918
0.907368 355 0.73402
0.907368 354 0.734033
0.907175 354 0.734385
0.907175 353 0.734766
0.907175 352 0.735707
0.907175 351 0.736289
0.906981 351 0.737262
0.906788 351 0.737593
0.906788 350 0.738518
0.906594 350 0.738571
0.906594 349 0.738933
0.906594 348 0.738955
0.906594 347 0.739545
0.906594 346 0.739716
0.906594 345 0.740152
0.906594 344 0.741249
0.906401 344 0.741917
0.906401 343 0.742246
0.906401 342 0.742541
0.906401 341 0.742639
0.906401 340 0.744472
0.906401 339 0.74553
0.906401 338 0.74576
0.906401 337 0.74827
0.906401 336 0.749859
0.906401 335 0.751363
0.906401 334 0.751523
0.906208 334 0.752495
0.906208 333 0.753025
0.906208 332 0.753125
0.906208 331 0.753778
0.906208 330 0.754071
0.906208 329 0.75467
0.906208 328 0.75549
0.906208 327 0.755657
0.906208 326 0.755722
0.906208 325 0.755725
0.906208 324 0.756589
0.906208 323 0.757851
0.906014 323 0.759075
0.906014 322 0.759348
0.905821 322 0.760779
0.905821 321 0.762205
0.905821 320 0.762813
0.905821 319 0.765848
0.905628 319 0.767579
0.905628 318 0.768026
0.905434 318 0.76837
0.905434 317 0.768527
0.905434 316 0.769002
0.905434 315 0.76956
0.905434 314 0.769561
0.905241 314 0.769823
0.905241 313 0.770525
0.905241 312 0.771737
0.905241 311 0.771986
0.905241 310 0.773671
0.905241 309 0.77548
0.905047 309 0.775583
0.905047 308 0.776171
0.905047 307 0.776211
0.905047 306 0.778298
0.905047 305 0.778368
0.905047 304 0.78044
0.904854 304 0.78122
0.904661 304 0.781668
0.904467 304 0.781879
0.904467 303 0.782174
0.904467 302 0.782446
0.904467 301 0.78333
0.904274 301 0.783641
0.904274 300 0.783717
0.904274 299 0.785064
0.904274 298 0.785301
0.904274 297 0.785317
0.904274 296 0.78554
0.904274 295 0.786608
0.904274 294 0.788325
0.904274 293 0.788668
0.904274 292 0.788903
0.904274 291 0.789665
0.904274 290 0.790049
0.904274 289 0.790865
0.904274 288 0.791091
0.904274 287 0.792168
0.904274 286 0.793268
0.904274 285 0.793334
0.904274 284 0.793403
0.904274 283 0.7964
0.904274 282 0.797252
0.904274 281 0.798388
0.90408 281 0.799516
0.90408 280 0.799689
0.90408 279 0.799717
0.90408 278 0.800551
0.903887 278 0.801028
0.903887 277 0.801123
0.903887 276 0.802724
0.903887 275 0.802818
0.903887 274 0.802824
0.903887 273 0.805417
0.903887 272 0.806254
0.903887 271 0.806497
0.903887 270 0.806525
0.903694 270 0.807651
0.903694 269 0.808065
0.903694 268 0.808069
0.9035 268 0.809432
0.9035 267 0.810118
0.903307 267 0.810379
0.903307 266 0.81137
0.903307 265 0.811837
0.903307 264 0.811959
0.903307 263 0.812208
0.903307 262 0.812237
0.903114 262 0.81256
0.90292 262 0.81325
0.90292 261 0.813257
0.90292 260 0.813897
0.90292 259 0.814112
0.902727 259 0.815019
0.902727 258 0.815123
0.902727 257 0.81643
0.902727 256 0.817136
0.902727 255 0.819081
0.902727 254 0.821257
0.902533 254 0.821512
0.90234 254 0.82269
0.90234 253 0.8228
0.90234 252 0.824688
0.90234 251 0.826862
0.90234 250 0.828815
0.90234 249 0.829004
0.90234 248 0.82935
0.90234 247 0.83005
0.90234 246 0.831272
0.902147 246 0.831292
0.902147 245 0.83194
0.902147 244 0.832115
0.902147 243 0.833972
0.902147 242 0.836077
0.901953 242 0.837211
0.901953 241 0.838019
0.901953 240 0.838207
0.901953 239 0.838319
0.90176 239 0.838863
0.90176 238 0.839543
0.90176 237 0.840773
0.90176 236 0.842405
0.90176 235 0.842871
0.90176 234 0.84288
0.90176 233 0.843896
0.90176 232 0.844425
0.90176 231 0.844584
0.90176 230 0.845367
0.90176 229 0.846604
0.90176 228 0.846952
0.90176 227 0.848681
0.901566 227 0.849123
0.901373 227 0.849398
0.901373 226 0.84963
0.901373 225 0.849995
0.901373 224 0.850657
0.90118 224 0.850719
0.90118 223 0.85102
0.90118 222 0.851174
0.900986 222 0.851433
0.900986 221 0.851593
0.900986 220 0.853327
0.900986 219 0.853517
0.900986 218 0.854323
0.900986 217 0.855309
0.900793 217 0.855702
0.900793 216 0.856029
0.900793 215 0.856333
0.900793 214 0.856377
0.900793 213 0.856556
0.900599 213 0.857043
0.900599 212 0.857687
0.900599 211 0.857704
0.900406 211 0.858054
0.900406 210 0.858204
0.900406 209 0.858881
0.900406 208 0.859163
0.900213 208 0.860179
0.900213 207 0.860195
0.900213 206 0.860569
0.900213 205 0.860747
0.900213 204 0.861598
0.900213 203 0.862088
0.900213 202 0.862344
0.900019 202 0.862353
0.900019 201 0.86272
0.900019 200 0.863533
0.900019 199 0.864205
0.899826 199 0.864346
0.899826 198 0.864358
0.899826 197 0.86599
0.899826 196 0.866031
0.899826 195 0.866304
0.899633 195 0.866346
0.899633 194 0.866536
0.899439 194 0.867094
0.899439 193 0.867723
0.899439 192 0.867926
0.899246 192 0.86875
0.899052 192 0.869217
0.898859 192 0.8697
0.898859 191 0.870093
0.898666 191 0.871275
0.898666 190 0.871386
0.898472 190 0.871708
0.898472 189 0.872257
0.898472 188 0.873764
0.898472 187 0.875838
0.898472 186 0.875983
0.898472 185 0.876266
0.898472 184 0.876328
0.898279 184 0.876592
0.898279 183 0.87668
0.898279 182 0.877761
0.898085 182 0.878582
0.897892 182 0.879135
0.897699 182 0.879561
0.897699 181 0.87963
0.897699 180 0.881611
0.897699 179 0.882631
0.897699 178 0.882834
0.897699 177 0.883604
0.897699 176 0.884054
0.897699 175 0.884254
0.897699 174 0.885301
0.897505 174 0.885375
0.897312 174 0.886668
0.897312 173 0.887524
0.897312 172 0.88909
0.897119 172 0.889117
0.897119 171 0.891717
0.897119 170 0.892079
0.896925 170 0.892955
0.896925 169 0.893727
0.896925 168 0.893964
0.896925 167 0.894164
0.896732 167 0.894426
0.896538 167 0.89445
0.896538 166 0.894808
0.896538 165 0.895447
0.896538 164 0.895528
0.896538 163 0.896596
0.896538 162 0.897236
0.896538 161 0.897276
0.896538 160 0.897913
0.896345 160 0.898013
0.896345 159 0.898619
0.896345 158 0.89896
0.896345 157 0.899009
0.896345 156 0.899653
0.896345 155 0.901558
0.896152 155 0.901898
0.896152 154 0.903576
0.896152 153 0.903621
0.896152 152 0.903717
0.896152 151 0.904077
0.895958 151 0.904835
0.895958 150 0.90544
0.895765 150 0.906166
0.895765 149 0.906549
0.895571 149 0.907058
0.895571 148 0.907789
0.895571 147 0.9079
0.895571 146 0.90855
0.895378 146 0.90983
0.895378 145 0.910349
0.895378 144 0.910813
0.895378 143 0.912343
0.895378 142 0.913348
0.895378 141 0.913507
0.895378 140 0.91366
0.895185 140 0.913882
0.895185 139 0.914034
0.894991 139 0.914966
0.894798 139 0.915139
0.894798 138 0.915295
0.894798 137 0.915612
0.894605 137 0.915738
0.894411 137 0.917901
0.894411 136 0.918033
0.894218 136 0.919525
0.894024 136 0.921052
0.893831 136 0.921087
0.893638 136 0.922468
0.893638 134 0.923538
0.893444 134 0.924641
0.893444 133 0.925168
0.893251 133 0.925738
0.893251 132 0.92687
0.893251 131 0.928433
0.893057 131 0.928478
0.893057 130 0.929372
0.892864 130 0.929608
0.892671 130 0.929942
0.892671 129 0.930167
0.892671 128 0.930197
0.892477 128 0.931468
0.892284 128 0.932071
0.892284 127 0.932818
0.892284 126 0.933106
0.892284 125 0.93404
0.892284 124 0.934466
0.892284 123 0.935161
0.892091 123 0.935827
0.892091 122 0.935919
0.892091 121 0.93623
0.892091 120 0.936397
0.891897 120 0.936659
0.891704 120 0.936931
0.891704 119 0.936995
0.89151 119 0.937224
0.89151 118 0.937648
0.891317 118 0.938093
0.891317 117 0.939131
0.891317 116 0.93984
0.891124 116 0.940149
0.891124 115 0.940506
0.891124 114 0.940761
0.89093 114 0.941154
0.890737 114 0.942171
0.890543 114 0.942172
0.89035 114 0.942398
0.890157 114 0.944351
0.889963 114 0.944651
0.889963 113 0.945144
0.88977 113 0.945275
0.88977 112 0.945415
0.88977 111 0.94647
0.88977 110 0.946647
0.889576 110 0.946807
0.889576 109 0.946848
0.889576 108 0.947264
0.889576 107 0.947616
0.889383 107 0.947681
0.889383 106 0.948307
0.889383 105 0.948376
0.88919 105 0.950149
0.88919 104 0.950271
0.888996 104 0.950743
0.888803 104 0.950925
0.888803 103 0.951137
0.88861 103 0.951393
0.888416 103 0.951646
0.888416 102 0.951876
0.888223 102 0.952293
0.888223 101 0.952418
0.888223 100 0.952652
0.888223 99 0.952678
0.888223 98 0.953909
0.888223 97 0.954
0.888029 97 0.954409
0.887836 97 0.954524
0.887836 96 0.954821
0.887836 95 0.955414
0.887643 95 0.955537
0.887643 94 0.955911
0.887449 94 0.956043
0.887256 94 0.956068
0.887062 94 0.956324
0.887062 93 0.956888
0.886869 93 0.957147
0.886676 93 0.957278
0.886482 93 0.957541
0.886482 92 0.957607
0.886482 91 0.9579
0.886482 90 0.958358
0.886289 90 0.958476
0.886289 89 0.958509
0.886289 88 0.958693
0.886096 88 0.95891
0.885902 88 0.959309
0.885902 87 0.959364
0.885902 86 0.959477
0.885902 85 0.959591
0.885709 85 0.96011
0.885515 85 0.960277
0.885322 85 0.960486
0.885322 84 0.96062
0.885129 84 0.960825
0.884935 84 0.960907
0.884742 84 0.961166
0.884548 84 0.961393
0.884355 84 0.961501
0.884162 84 0.961897
0.883968 84 0.962096
0.883968 83 0.962238
0.883968 82 0.962484
0.883775 82 0.962772
0.883582 82 0.962897
0.883582 81 0.962974
0.883388 81 0.96345
0.883195 81 0.963762
0.883001 81 0.964882
0.882808 81 0.965049
0.882808 80 0.965395
0.882615 80 0.965412
0.882421 80 0.966204
0.882228 80 0.966376
0.882034 80 0.966575
0.881841 80 0.966707
0.881841 79 0.96681
0.881648 79 0.966845
0.881454 79 0.967276
0.881261 79 0.967505
0.881261 78 0.967587
0.881067 78 0.968308
0.881067 77 0.968456
0.880874 77 0.968573
0.880681 77 0.968844
0.880681 76 0.968889
0.880681 75 0.969456
0.880681 74 0.969475
0.880487 74 0.970621
0.880294 74 0.970798
0.880294 73 0.970907
0.880294 72 0.970921
0.880294 71 0.971231
0.880294 70 0.971547
0.880101 70 0.972024
0.879907 70 0.972045
0.879907 69 0.972085
0.879714 69 0.972419
0.87952 69 0.972451
0.879327 69 0.97259
0.879134 69 0.972719
0.879134 68 0.972983
0.879134 67 0.973609
0.87894 67 0.973761
0.87894 66 0.973835
0.878747 66 0.9739
0.878553 66 0.973904
0.878553 65 0.974279
0.87836 65 0.974357
0.87836 64 0.974381
0.878167 64 0.974531
0.877973 64 0.974974
0.877973 63 0.975306
0.877973 62 0.975357
0.877973 61 0.975399
0.87778 61 0.975841
0.877587 61 0.975947
0.877393 61 0.976
0.8772 61 0.976063
0.877006 61 0.9761
0.876813 61 0.9762
0.876813 60 0.976367
0.87662 60 0.976554
0.87662 59 0.976739
0.876426 59 0.977059
0.876233 59 0.977223
0.876039 59 0.97725
0.876039 58 0.977511
0.875846 58 0.977998
0.875653 58 0.978016
0.875459 58 0.978247
0.875266 58 0.978521
0.875073 58 0.97873
0.874879 58 0.978974
0.874686 58 0.979183
0.874492 58 0.979292
0.874299 58 0.979325
0.874299 57 0.979875
0.874106 57 0.979907
0.873912 57 0.980044
0.873912 56 0.980445
0.873719 56 0.980499
0.873525 56 0.980656
0.873332 56 0.98075
0.873139 56 0.980814
0.872945 56 0.980961
0.872752 56 0.980976
0.872558 56 0.981294
0.872365 56 0.981563
0.872365 55 0.982147
0.872172 55 0.982229
0.871978 55 0.982323
0.871978 54 0.982463
0.871785 54 0.982514
0.871785 53 0.982662
0.871592 53 0.982745
0.871398 53 0.982846
0.871205 53 0.982859
0.871011 53 0.982899
0.871011 52 0.983127
0.870818 52 0.983251
0.870818 51 0.983576
0.870625 51 0.983615
0.870431 51 0.983895
0.870238 51 0.983899
0.870044 51 0.984135
0.869851 51 0.984189
0.869851 50 0.984206
0.869851 49 0.984577
0.869658 49 0.984604
0.869464 49 0.984805
0.869464 48 0.984993
0.869464 47 0.985034
0.869271 47 0.985149
0.869271 46 0.985176
0.869078 46 0.985266
0.868884 46 0.985271
0.868884 45 0.985319
0.868691 45 0.985516
0.868497 45 0.985715
0.868304 45 0.985762
0.868111 45 0.985919
0.867917 45 0.985992
0.867917 44 0.986085
0.867724 44 0.986201
0.86753 44 0.986336
0.867337 44 0.986382
0.867144 44 0.986405
0.86695 44 0.986509
0.86695 43 0.986581
0.866757 43 0.986713
0.866564 43 0.986773
0.86637 43 0.986976
0.86637 42 0.987078
0.866177 42 0.987106
0.866177 41 0.987161
0.865983 41 0.987171
0.865983 40 0.987229
0.86579 40 0.987295
0.865597 40 0.987311
0.865403 40 0.987354
0.86521 40 0.987392
0.865016 40 0.987419
0.864823 40 0.987607
0.86463 40 0.987633
0.864436 40 0.98779
0.864243 40 0.987937
0.86405 40 0.987993
0.86405 39 0.988129
0.863856 39 0.988263
0.863663 39 0.988422
0.863469 39 0.988425
0.863276 39 0.988566
0.863083 39 0.988579
0.862889 39 0.988689
0.862696 39 0.988751
0.862502 39 0.988779
0.862309 39 0.988827
0.862116 39 0.988887
0.862116 38 0.988986
0.861922 38 0.989017
0.861729 38 0.989045
0.861535 38 0.989315
0.861342 38 0.989367
0.861149 38 0.989392
0.860955 38 0.989403
0.860762 38 0.989519
0.860569 38 0.989649
0.860375 38 0.989659
0.860182 38 0.989665
0.859988 38 0.989766
0.859795 38 0.989821
0.859602 38 0.989894
0.859408 38 0.989944
0.859215 38 0.989988
0.859021 38 0.990038
0.858828 38 0.990124
0.858828 37 0.99015
0.858635 37 0.990239
0.858441 37 0.990324
0.858248 37 0.990393
0.858055 37 0.990769
0.857861 37 0.990835
0.857668 37 0.99091
0.857474 37 0.991167
0.857281 37 0.991219
0.857088 37 0.991362
0.856894 37 0.991399
0.856701 37 0.991407
0.856507 37 0.991564
0.856314 37 0.991584
0.856121 37 0.991654
0.855927 37 0.991704
0.855734 37 0.991786
0.855734 36 0.991865
0.855541 36 0.991931
0.855347 36 0.99198
0.855154 36 0.992011
0.85496 36 0.992033
0.854767 36 0.992135
0.854574 36 0.992193
0.85438 36 0.992207
0.854187 36 0.992227
0.853993 36 0.992235
0.8538 36 0.992247
0.8538 35 0.99228
0.853607 35 0.992294
0.853607 34 0.992397
0.853413 34 0.992412
0.85322 34 0.992579
0.85322 33 0.992624
0.853026 33 0.992697
0.852833 33 0.992748
0.85264 33 0.992751
0.852446 33 0.992937
0.852253 33 0.992975
0.85206 33 0.993048
0.851866 33 0.993103
0.851866 32 0.993154
0.851673 32 0.99322
0.851479 32 0.993232
0.851286 32 0.993254
0.851093 32 0.993263
0.850899 32 0.993281
0.850706 32 0.993292
0.850706 31 0.993306
0.850512 31 0.993311
0.850319 31 0.993372
0.850126 31 0.993412
0.849932 31 0.993507
0.849932 30 0.99351
0.849739 30 0.993526
0.849546 30 0.99364
0.849352 30 0.993641
0.849159 30 0.993693
0.848965 30 0.993694
0.848772 30 0.993716
0.848772 29 0.993772
0.848579 29 0.993817
0.848385 29 0.993879
0.848192 29 0.993942
0.847998 29 0.994002
0.847805 29 0.994062
0.847612 29 0.994106
0.847418 29 0.9942
0.847225 29 0.99422
0.847032 29 0.9943
0.846838 29 0.994363
0.846645 29 0.99439
0.846645 28 0.994581
0.846451 28 0.994682
0.846258 28 0.994689
0.846065 28 0.994745
0.845871 28 0.994789
0.845678 28 0.994876
0.845484 28 0.99491
0.845291 28 0.994997
0.845098 28 0.995058
0.844904 28 0.995097
0.844711 28 0.995133
0.844518 28 0.995138
0.844324 28 0.995157
0.844131 28 0.995236
0.843937 28 0.995239
0.843744 28 0.995241
0.843551 28 0.995249
0.843357 28 0.995259
0.843164 28 0.995303
0.84297 28 0.995319
0.842777 28 0.995328
0.842584 28 0.995475
0.84239 28 0.99548
0.842197 28 0.995516
0.842003 28 0.995524
0.84181 28 0.995582
0.841617 28 0.995646
0.841423 28 0.995655
0.84123 28 0.995662
0.841037 28 0.995697
0.840843 28 0.995761
0.84065 28 0.995764
0.840456 28 0.995806
0.840456 27 0.995827
0.840263 27 0.995874
0.84007 27 0.995902
0.839876 27 0.995911
0.839683 27 0.995936
0.839489 27 0.996043
0.839296 27 0.996049
0.839103 27 0.996056
0.838909 27 0.99606
0.838716 27 0.996113
0.838523 27 0.996145
0.838329 27 0.996147
0.838136 27 0.996187
0.837942 27 0.996192
0.837749 27 0.996193
0.837556 27 0.996229
0.837362 27 0.996269
0.837169 27 0.996285
0.836975 27 0.996327
0.836782 27 0.996347
0.836589 27 0.996371
0.836395 27 0.99638
0.836202 27 0.996397
0.836009 27 0.996436
0.835815 27 0.996444
0.835622 27 0.996509
0.835428 27 0.996517
0.835235 27 0.996525
0.835042 27 0.996526
0.834848 27 0.996533
0.834655 27 0.996558
0.834461 27 0.996567
0.834268 27 0.996596
0.834075 27 0.996612
0.833881 27 0.996643
0.833688 27 0.996681
0.833494 27 0.996705
0.833301 27 0.996731
0.833108 27 0.99678
0.832914 27 0.9968
0.832721 27 0.996811
0.832528 27 0.996836
0.832528 26 0.996838
0.832334 26 0.996855
0.832141 25 0.996867
0.832141 24 0.99687
0.831947 24 0.99691
0.831754 24 0.996982
0.831561 24 0.997
0.831561 23 0.997007
0.831367 23 0.997009
0.831174 23 0.997015
0.83098 23 0.99705
0.830787 23 0.997052
0.830594 23 0.997056
0.8304 23 0.997077
0.830207 23 0.997081
0.830014 23 0.997096
0.82982 23 0.997105
0.829627 23 0.99711
0.829627 22 0.997118
0.829433 22 0.997124
0.82924 22 0.997142
0.829047 22 0.997147
0.828853 22 0.997148
0.82866 22 0.997164
0.828466 22 0.997183
0.828273 22 0.997189
0.828273 21 0.997197
0.828273 20 0.997225
0.82808 20 0.997239
0.827886 20 0.997258
0.827693 20 0.997273
0.8275 20 0.997276
0.8275 19 0.997281
0.827306 19 0.997284
0.826919 19 0.997293
0.826726 19 0.997299
0.826339 19 0.997307
0.826146 19 0.997314
0.825952 19 0.997327
0.825759 19 0.997335
0.825566 19 0.997358
0.825372 19 0.99738
0.825179 19 0.997383
0.824985 19 0.997409
0.824792 19 0.997411
0.824599 19 0.997422
0.824405 19 0.997454
0.824212 19 0.997463
0.824019 19 0.997478
0.823825 19 0.997499
0.823825 18 0.997559
0.823632 18 0.997567
0.823438 18 0.997588
0.823245 18 0.997593
0.823052 18 0.997598
0.822858 18 0.997601
0.822665 18 0.997611
0.822471 18 0.997632
0.822278 18 0.997654
0.822085 18 0.997678
0.821698 18 0.997683
0.821505 18 0.997732
0.821118 18 0.997739
0.820924 18 0.997748
0.820731 18 0.997752
0.820731 17 0.997762
0.820538 17 0.997769
0.820344 17 0.997774
0.820151 17 0.997781
0.819957 17 0.997794
0.819764 17 0.997797
0.819571 17 0.997801
0.819377 17 0.997805
0.819184 17 0.997823
0.818991 17 0.997834
0.818797 17 0.997855
0.818604 17 0.997859
0.818604 16 0.997863
0.81841 16 0.99788
0.818024 16 0.997881
0.81783 16 0.997906
0.817637 16 0.997944
0.817443 16 0.997949
0.81725 16 0.99798
0.817057 16 0.997983
0.816863 16 0.997989
0.81667 16 0.997994
0.816477 16 0.997997
0.816283 16 0.997998
0.81609 16 0.998006
0.815896 16 0.998015
0.815703 16 0.998017
0.81551 16 0.998026
0.815316 16 0.998042
0.815123 16 0.998048
0.814929 16 0.998049
0.814736 16 0.99805
0.814543 16 0.998063
0.814543 15 0.998069
0.814349 15 0.998079
0.814156 15 0.998092
0.813769 15 0.998096
0.813576 15 0.998102
0.813382 15 0.998115
0.813189 15 0.998138
0.812996 15 0.998191
0.812802 15 0.998201
0.812609 15 0.998212
0.812222 15 0.998216
0.812029 15 0.998234
0.811642 15 0.998244
0.811448 15 0.998258
0.811255 15 0.998273
0.811062 15 0.998274
0.810868 15 0.998276
0.810675 15 0.998278
0.810482 15 0.998288
0.810288 15 0.998303
0.810095 15 0.998305
0.809901 15 0.998314
0.809708 15 0.998324
0.809515 15 0.998328
0.809321 15 0.998336
0.809128 15 0.998353
0.808934 15 0.998355
0.808741 15 0.998361
0.808548 15 0.998363
0.808354 15 0.99839
0.808161 15 0.998393
0.807968 15 0.998394
0.807774 15 0.998398
0.807581 15 0.998403
0.807194 15 0.998414
0.807001 15 0.998431
0.806807 15 0.998432
0.806614 15 0.998439
0.80642 15 0.998443
0.806227 15 0.99845
0.806227 14 0.998453
0.806034 14 0.998455
0.80584 14 0.998459
0.805647 14 0.998464
0.805453 14 0.998468
0.80526 14 0.99847
0.80526 13 0.998471
0.805067 13 0.998478
0.804873 13 0.998479
0.80468 13 0.99849
0.804487 13 0.998495
0.804293 13 0.998498
0.8041 13 0.998502
0.803906 13 0.998506
0.803713 13 0.998524
0.803326 13 0.998533
0.803133 13 0.998547
0.802939 13 0.998548
0.802746 13 0.998549
0.802553 13 0.998558
0.802359 13 0.998562
0.802166 13 0.998568
0.801973 13 0.998583
0.801779 13 0.99859
0.801586 13 0.998597
0.801392 13 0.998615
0.801006 13 0.998617
0.800812 13 0.998619
0.800619 13 0.998628
0.800425 13 0.998633
0.800232 13 0.998636
0.800039 13 0.998637
0.799845 13 0.998638
0.799652 13 0.998648
0.799459 13 0.998653
0.799265 13 0.998654
0.799072 13 0.998656
0.798878 13 0.998668
0.798685 13 0.998674
0.798492 13 0.998679
0.798298 13 0.998684
0.798105 13 0.998688
0.797911 13 0.998691
0.797718 13 0.998703
0.797525 13 0.998705
0.797331 13 0.998708
0.797138 13 0.99871
0.796944 13 0.998724
0.796751 13 0.998731
0.796558 13 0.998734
0.796364 13 0.998741
0.796171 13 0.998747
0.795978 13 0.998752
0.795784 13 0.998753
0.795591 13 0.998756
0.795397 13 0.998763
0.794817 13 0.998764
0.794624 13 0.998766
0.794624 12 0.998771
0.79443 12 0.998782
0.794237 12 0.998783
0.794044 12 0.998787
0.79385 12 0.998798
0.793657 12 0.998806
0.793464 12 0.998812
0.79327 12 0.998819
0.793077 12 0.99882
0.792883 12 0.998829
0.79269 12 0.99883
0.792497 12 0.998837
0.792303 12 0.998838
0.79211 12 0.998839
0.791723 12 0.998842
0.79153 12 0.998849
0.791336 12 0.998855
0.791143 12 0.998864
0.79095 12 0.998865
0.790756 12 0.998872
0.790563 12 0.998873
0.790563 11 0.998881
0.790369 11 0.998883
0.790176 11 0.998886
0.789983 11 0.998887
0.789789 11 0.998889
0.789596 11 0.998895
0.789402 11 0.998902
0.789016 11 0.998908
0.788822 11 0.998909
0.788629 11 0.99891
0.788436 11 0.998914
0.788242 11 0.998921
0.788049 11 0.998927
0.787855 11 0.998945
0.787662 11 0.998946
0.787469 11 0.998948
0.787275 11 0.998949
0.787082 11 0.998952
0.786888 11 0.998953
0.786695 11 0.998958
0.786502 11 0.998962
0.786308 11 0.998964
0.786115 11 0.998965
0.785921 11 0.998966
0.785728 11 0.998971
0.785535 11 0.998974
0.785341 11 0.998976
0.785148 11 0.998978
0.784955 11 0.998982
0.784761 11 0.998984
0.784568 11 0.998987
0.784374 11 0.998991
0.784181 11 0.998994
0.783988 11 0.998996
0.783794 11 0.998999
0.783601 11 0.999
0.783407 11 0.999003
0.783214 11 0.999006
0.783021 11 0.999016
0.782827 11 0.999021
0.782441 11 0.999023
0.782247 11 0.999024
0.782054 11 0.99904
0.78186 11 0.999041
0.781667 11 0.999042
0.781474 11 0.999044
0.78128 11 0.999046
0.781087 11 0.999051
0.7807 11 0.999057
0.78012 11 0.999058
0.779927 11 0.999061
0.779733 11 0.999063
0.779153 11 0.999066
0.778766 11 0.999068
0.778573 11 0.999069
0.778379 11 0.99907
0.778186 11 0.999071
0.777993 11 0.999076
0.777799 11 0.999077
0.777606 11 0.999086
0.777412 11 0.99909
0.777219 11 0.999097
0.776832 11 0.999098
0.776639 11 0.999099
0.776446 11 0.999104
0.776059 11 0.999105
0.775865 11 0.999106
0.775672 11 0.999107
0.775479 11 0.99911
0.775285 11 0.999114
0.775092 11 0.999116
0.774898 11 0.99912
0.774705 11 0.999121
0.774318 11 0.999122
0.774125 11 0.999124
0.773932 11 0.999125
0.773545 11 0.999127
0.773351 11 0.999128
0.773158 11 0.999129
0.772965 11 0.99913
0.772771 11 0.999135
0.772578 11 0.999137
0.772384 11 0.999141
0.771998 11 0.999143
0.771611 11 0.999147
0.771418 11 0.999151
0.771224 11 0.99916
0.771031 11 0.999165
0.770837 11 0.999166
0.770644 11 0.999171
0.770451 11 0.999172
0.770257 11 0.999174
0.770064 11 0.999176
0.76987 11 0.999177
0.769677 11 0.999179
0.769484 11 0.999181
0.769097 11 0.999184
0.768904 11 0.999185
0.76871 11 0.999193
0.768517 11 0.999194
0.768517 10 0.999198
0.768323 10 0.999203
0.76813 9 0.999204
0.767937 9 0.999206
0.76755 9 0.999208
0.767356 9 0.999213
0.76697 9 0.999214
0.766776 9 0.999215
0.766583 9 0.999224
0.766389 9 0.99923
0.766196 9 0.999233
0.766003 9 0.999236
0.765809 9 0.999237
0.765616 9 0.999238
0.765423 9 0.999239
0.765036 9 0.999243
0.764842 9 0.999245
0.764649 9 0.999246
0.764456 9 0.999247
0.764262 9 0.999252
0.764069 9 0.999253
0.763875 9 0.999255
0.763682 9 0.999257
0.763489 9 0.999259
0.763295 9 0.99926
0.763102 9 0.999264
0.762909 9 0.999265
0.762715 9 0.999267
0.762522 9 0.999278
0.762328 9 0.99928
0.762135 9 0.999282
0.761748 9 0.999287
0.761361 9 0.999288
0.761168 9 0.999294
0.760781 9 0.999298
0.760008 9 0.9993
0.759621 9 0.999302
0.759428 9 0.999303
0.759234 9 0.999305
0.759041 9 0.999306
0.758847 9 0.999309
0.758654 9 0.99931
0.758461 9 0.999315
0.758267 9 0.999316
0.75788 9 0.999317
0.757687 9 0.999319
0.757494 9 0.999321
0.757107 9 0.999323
0.756914 9 0.999329
0.75672 9 0.99933
0.756333 9 0.999337
0.75614 9 0.999338
0.755947 9 0.99934
0.75556 9 0.999341
0.755366 9 0.999343
0.75498 9 0.999344
0.754593 9 0.999345
0.7544 9 0.999346
0.754206 9 0.999348
0.754013 8 0.999352
0.753819 8 0.999359
0.753433 8 0.999361
0.753046 8 0.999363
0.752852 8 0.999364
0.752466 8 0.999365
0.752079 8 0.999366
0.751886 8 0.999368
0.751692 8 0.999371
0.751305 8 0.999379
0.751112 8 0.999383
0.750919 8 0.999386
0.750532 8 0.999389
0.749952 8 0.999394
0.749565 8 0.999396
0.749371 8 0.999405
0.749178 8 0.999406
0.748985 8 0.999411
0.748791 8 0.999414
0.748598 8 0.999415
0.748211 8 0.99942
0.747824 8 0.999421
0.747438 8 0.999422
0.747051 8 0.999427
0.746664 8 0.999429
0.746471 8 0.99943
0.746084 8 0.999435
0.745697 8 0.999438
0.745504 8 0.99944
0.74531 8 0.999441
0.745117 8 0.999442
0.744924 8 0.999443
0.74473 8 0.999445
0.744537 8 0.999448
0.744343 8 0.999449
0.74415 8 0.99945
0.743763 8 0.999453
0.74357 8 0.999458
0.743377 8 0.999459
0.743183 8 0.999462
0.74299 8 0.999463
0.74299 7 0.99947
0.742796 7 0.999476
0.742603 7 0.999482
0.74241 7 0.999483
0.742216 7 0.999484
0.742023 7 0.999486
0.741829 7 0.999487
0.741636 7 0.999488
0.741443 7 0.999489
0.741249 7 0.999493
0.741056 7 0.999494
0.740863 7 0.999495
0.740476 7 0.999497
0.740282 7 0.999498
0.740089 7 0.999499
0.739896 7 0.9995
0.739702 7 0.999502
0.739509 7 0.999503
0.739315 7 0.999504
0.739122 7 0.999505
0.738929 7 0.999506
0.738542 7 0.999507
0.738155 7 0.999511
0.737962 7 0.999512
0.737575 7 0.999515
0.737382 7 0.999516
0.736995 7 0.999517
0.736608 7 0.999518
0.736221 7 0.999519
0.736028 7 0.99952
0.735641 7 0.999521
0.735254 7 0.999523
0.735061 7 0.999525
0.734674 7 0.999526
0.734287 7 0.999528
0.734094 7 0.999529
0.73332 7 0.999532
0.733127 7 0.999533
0.73274 7 0.999534
0.732547 7 0.999538
0.73216 7 0.999539
0.731967 7 0.99954
0.731773 7 0.999541
0.731387 7 0.999542
0.731193 7 0.999544
0.730806 7 0.999545
0.730613 7 0.999546
0.73042 7 0.999547
0.730226 7 0.999548
0.729839 7 0.999549
0.729453 7 0.99955
0.729259 7 0.999551
0.728679 7 0.999552
0.728486 7 0.999554
0.728292 7 0.999555
0.728099 7 0.999557
0.727906 7 0.999558
0.727712 7 0.999559
0.727519 7 0.99956
0.727325 7 0.999562
0.727132 7 0.999564
0.726745 7 0.999565
0.726165 7 0.999566
0.725972 7 0.999567
0.725778 7 0.999568
0.725585 7 0.999569
0.725392 7 0.999571
0.725198 7 0.999573
0.725005 7 0.999575
0.724811 7 0.999577
0.724618 7 0.999582
0.724425 7 0.999583
0.724231 7 0.999584
0.723651 7 0.999588
0.723071 7 0.999589
0.722878 7 0.99959
0.722684 7 0.999591
0.722297 7 0.999595
0.722104 7 0.999596
0.721911 7 0.999597
0.721717 6 0.999599
0.72133 6 0.9996
0.720944 6 0.999601
0.72075 6 0.999602
0.720557 6 0.999605
0.72017 6 0.999607
0.719977 6 0.999608
0.719783 6 0.999612
0.71959 6 0.999613
0.719397 6 0.999614
0.719203 6 0.999616
0.718816 6 0.999617
0.718623 6 0.999618
0.71843 6 0.999619
0.71785 6 0.99962
0.717463 6 0.999621
0.717269 6 0.999622
0.716689 6 0.999623
0.716496 6 0.999624
0.716302 6 0.999626
0.715916 6 0.999627
0.715722 6 0.99963
0.715529 6 0.999631
0.715336 6 0.999632
0.714562 6 0.999633
0.714369 6 0.999634
0.714175 6 0.999635
0.713982 6 0.999636
0.712822 6 0.999638
0.712435 6 0.999639
0.712241 6 0.99964
0.711855 6 0.999641
0.711468 6 0.999642
0.711274 6 0.999644
0.710694 6 0.999645
0.710307 6 0.999646
0.709921 6 0.999647
0.709341 6 0.999648
0.709147 6 0.999649
0.708567 6 0.99965
0.7076 6 0.999651
0.707407 6 0.999653
0.707213 6 0.999654
0.70702 6 0.999656
0.706827 6 0.999658
0.70586 6 0.999659
0.705473 6 0.99966
0.705279 6 0.999664
0.704699 6 0.999665
0.704313 6 0.999666
0.703926 6 0.999667
0.703152 6 0.999668
0.702765 6 0.999671
0.702379 6 0.999672
0.702185 6 0.999673
0.701992 6 0.999674
0.701605 6 0.999675
0.701025 6 0.999676
0.700832 6 0.999677
0.700251 6 0.999678
0.700058 6 0.999679
0.699865 6 0.99968
0.699478 6 0.999682
0.698898 6 0.999683
0.698511 6 0.999684
0.697351 6 0.999685
0.696964 6 0.999686
0.69677 6 0.999689
0.696384 6 0.99969
0.69619 6 0.999691
0.69561 6 0.999692
0.69503 6 0.999693
0.694837 6 0.999694
0.694643 6 0.999695
0.69445 6 0.999696
0.694256 6 0.999697
0.694063 6 0.999698
0.693676 6 0.999699
0.693483 6 0.9997
0.692709 6 0.999701
0.691936 6 0.999703
0.691549 6 0.999704
0.691162 6 0.999705
0.690775 6 0.999706
0.690582 6 0.999707
0.689809 6 0.999708
0.689035 6 0.999709
0.688842 6 0.99971
0.688648 6 0.999711
0.687875 6 0.999712
0.687295 6 0.999713
0.686714 6 0.999715
0.686328 6 0.999716
0.685941 6 0.999717
0.685554 6 0.999718
0.685361 6 0.99972
0.685167 6 0.999721
0.684781 6 0.999722
0.684587 6 0.999723
0.684007 6 0.999724
0.683814 6 0.999725
0.683427 6 0.999726
0.682266 6 0.999727
0.68188 6 0.999728
0.681106 6 0.999729
0.680719 6 0.99973
0.680526 6 0.999731
0.679946 6 0.999732
0.679559 6 0.999733
0.679172 6 0.999734
0.678399 6 0.999736
0.677819 6 0.999737
0.677432 6 0.999738
0.676852 6 0.999739
0.676658 6 0.99974
0.676078 6 0.999741
0.675305 6 0.999742
0.674918 6 0.999743
0.674531 6 0.999744
0.673757 6 0.999745
0.673177 6 0.999746
0.672984 6 0.999747
0.672597 6 0.999748
0.672017 6 0.999749
0.67105 6 0.99975
0.670663 6 0.999751
0.670083 6 0.999752
0.669696 6 0.999754
0.668923 6 0.999755
0.668343 6 0.999756
0.667956 6 0.999757
0.666796 6 0.999758
0.666602 6 0.999759
0.666215 6 0.99976
0.666022 6 0.999762
0.665442 6 0.999764
0.665249 6 0.999765
0.664862 6 0.999766
0.663701 6 0.999767
0.663121 6 0.999768
0.662541 6 0.999769
0.661961 6 0.99977
0.661768 6 0.999771
0.661187 6 0.999772
0.660607 6 0.999773
0.660414 6 0.999774
0.66022 6 0.999775
0.659447 6 0.999776
0.658867 6 0.999777
0.658093 6 0.999779
0.65732 6 0.99978
0.65674 6 0.999781
0.656159 6 0.999782
0.655579 6 0.999783
0.654612 6 0.999784
0.653839 6 0.999785
0.653065 6 0.999786
0.651905 6 0.999787
0.650745 6 0.999788
0.649971 6 0.999789
0.649584 6 0.99979
0.649004 6 0.999791
0.648424 6 0.999792
0.647264 6 0.999794
0.64649 6 0.999795
0.646103 6 0.999796
0.645716 6 0.999797
0.64533 6 0.999798
0.644556 6 0.999799
0.643976 6 0.9998
0.643396 6 0.999801
0.642622 6 0.999802
0.642042 6 0.999804
0.641462 6 0.999805
0.640882 6 0.999806
0.639915 6 0.999807
0.638948 6 0.999808
0.638174 6 0.999809
0.637788 6 0.99981
0.637014 6 0.999812
0.636047 6 0.999813
0.635467 6 0.999814
0.634693 6 0.999815
0.63392 6 0.999816
0.632953 6 0.999817
0.63276 6 0.999818
0.632373 6 0.999819
0.631793 6 0.99982
0.631599 6 0.999821
0.630439 6 0.999822
0.629859 6 0.999823
0.629279 6 0.999824
0.628699 6 0.999825
0.628312 6 0.999826
0.627925 6 0.999828
0.626958 6 0.999829
0.626571 6 0.99983
0.626184 6 0.999831
0.625798 6 0.999832
0.625604 6 0.999833
0.625411 6 0.999834
0.624831 6 0.999835
0.62367 6 0.999836
0.622704 6 0.999837
0.622123 6 0.999838
0.620963 6 0.999839
0.62019 6 0.99984
0.619803 6 0.999841
0.618836 6 0.999842
0.617869 6 0.999843
0.616709 6 0.999844
0.615742 6 0.999845
0.615161 6 0.999846
0.614775 6 0.999847
0.614001 6 0.999848
0.613808 6 0.999849
0.612841 6 0.99985
0.612454 6 0.999851
0.611487 6 0.999852
0.610327 6 0.999853
0.609553 6 0.999854
0.608586 6 0.999855
0.608393 6 0.999856
0.607813 6 0.999857
0.607619 6 0.999858
0.606846 6 0.999859
0.606459 6 0.99986
0.605299 6 0.999861
0.605105 6 0.999862
0.603945 6 0.999863
0.603365 6 0.999864
0.602205 6 0.999865
0.601624 6 0.999866
0.600464 6 0.999867
0.599691 6 0.999868
0.598917 6 0.999869
0.598143 6 0.99987
0.597563 6 0.999871
0.596983 6 0.999872
0.596403 6 0.999873
0.595823 6 0.999874
0.595049 6 0.999875
0.594276 6 0.999876
0.593115 6 0.999877
0.592922 6 0.999878
0.591955 6 0.999879
0.591182 6 0.99988
0.590601 6 0.999881
0.589635 6 0.999882
0.587894 6 0.999883
0.58712 6 0.999884
0.586347 6 0.999885
0.584993 6 0.999886
0.584026 6 0.999887
0.582866 6 0.999888
0.581706 6 0.999889
0.581126 6 0.99989
0.580545 6 0.999891
0.579772 6 0.999892
0.579192 6 0.999893
0.578418 6 0.999894
0.576871 6 0.999895
0.576097 6 0.999896
0.574937 6 0.999897
0.57397 6 0.999898
0.572617 6 0.999899
0.57165 6 0.9999
0.570489 6 0.999901
0.569522 6 0.999902
0.567782 6 0.999903
0.566428 6 0.999904
0.565268 6 0.999905
0.563914 6 0.999906
0.562367 6 0.999907
0.561207 6 0.999908
0.55966 6 0.999909
0.558886 6 0.99991
0.556952 6 0.999911
0.556372 6 0.999912
0.554632 6 0.999913
0.553471 6 0.999914
0.552311 6 0.999915
0.550377 6 0.999916
0.549023 6 0.999917
0.546896 6 0.999918
0.545156 6 0.999919
0.543802 6 0.99992
0.541868 6 0.999921
0.540514 6 0.999922
0.539354 6 0.999923
0.538194 6 0.999924
0.53742 6 0.999925
0.53568 6 0.999926
0.533359 6 0.999927
0.532005 6 0.999928
0.529878 6 0.999929
0.528524 5 0.99993
0.52601 5 0.999931
0.524657 5 0.999932
0.523496 5 0.999933
0.521756 5 0.999934
0.519049 5 0.999935
0.516728 4 0.999936
0.515374 4 0.999937
0.513054 4 0.999938
0.511313 4 0.999939
0.508606 4 0.99994
0.507445 4 0.999941
0.505318 4 0.999942
0.502804 4 0.999943
0.501064 4 0.999944
0.497583 4 0.999945
0.495649 4 0.999946
0.493135 4 0.999947
0.490814 4 0.999948
0.487527 4 0.999949
0.484626 4 0.99995
0.481918 4 0.999951
0.479791 4 0.999952
0.476697 4 0.999953
0.473796 4 0.999954
0.469928 4 0.999955
0.467221 4 0.999956
0.463933 4 0.999957
0.462386 4 0.999958
0.459679 4 0.999959
0.456005 4 0.99996
0.452137 4 0.999961
0.450783 4 0.999962
0.446335 4 0.999963
0.441114 4 0.999964
0.438406 4 0.999965
0.434152 4 0.999966
0.431638 4 0.999967
0.426417 4 0.999968
0.422549 4 0.999969
0.417714 3 0.99997
0.413653 3 0.999971
0.409012 3 0.999972
0.40321 3 0.999973
0.398762 3 0.999974
0.394121 3 0.999975
0.388706 3 0.999976
0.383678 3 0.999977
0.37807 3 0.999978
0.371688 3 0.999979
0.366273 3 0.99998
0.359892 3 0.999981
0.35409 3 0.999982
0.346355 3 0.999983
0.339006 3 0.999984
0.334365 3 0.999985
0.325276 3 0.999986
0.319474 3 0.999987
0.309611 3 0.999988
0.297235 3 0.999989
0.288145 3 0.99999
0.275382 3 0.999991
0.263199 3 0.999992
0.252369 2 0.999993
0.239412 2 0.999994
0.224715 2 0.999995
0.207503 2 0.999996
0.190099 2 0.999997
0.155676 2 0.999998
0.12222 1 0.999999
0.0725198 1 1
0 0 1.79769e+308
