0.657445 387
0.657445 386
0.657445 385
0.657326 385
0.657326 384
0.657326 383
0.657326 382
0.657326 381
0.657326 380
0.657326 379
0.657326 378
0.657326 377
0.657326 376
0.657326 375
0.657275 374
0.657275 373
0.657275 372
0.657275 371
0.657275 370
0.657275 369
0.657275 368
0.657127 368
0.657127 367
0.657127 366
0.657127 365
0.657007 365
0.657007 364
0.657007 363
0.657007 362
0.657007 361
0.657007 360
0.657007 359
0.657007 358
0.656881 358
0.656881 357
0.656881 356
0.656767 356
0.656767 355
0.656767 354
0.656767 353
0.656767 352
0.656767 351
0.656644 351
0.656644 350
0.656535 350
0.656415 350
0.656415 349
0.656315 349
0.656315 348
0.656315 347
0.656315 346
0.656315 345
0.656315 344
0.656183 344
0.656183 343
0.656089 342
0.656089 341
0.656089 340
0.656089 339
0.656089 338
0.656089 337
0.656089 336
0.656089 335
0.656089 334
0.655981 334
0.655981 333
0.655981 332
0.655981 331
0.655981 330
0.655981 329
0.655981 328
0.655981 327
0.655981 326
0.655981 325
0.655981 324
0.655867 324
0.655867 323
0.655867 322
0.655867 321
0.655722 321
0.655722 320
0.655596 320
0.655596 319
0.655596 318
0.655596 317
0.655596 316
0.655596 315
0.655596 314
0.655596 313
0.655596 312
0.655462 312
0.655462 311
0.655462 310
0.655462 309
0.655462 308
0.655462 307
0.655462 306
0.655316 306
0.655185 306
0.655052 306
0.655052 305
0.655052 304
0.655052 303
0.655052 302
0.655052 301
0.655052 300
0.655052 299
0.655052 298
0.655052 297
0.655052 296
0.655052 295
0.655052 294
0.655052 293
0.655052 292
0.655052 291
0.655052 290
0.655052 289
0.655052 288
0.655052 287
0.655052 286
0.654936 286
0.654831 286
0.654761 285
0.654761 284
0.654651 284
0.654651 283
0.654651 282
0.654597 281
0.654464 281
0.654464 280
0.654464 279
0.654464 278
0.654464 277
0.654464 276
0.654464 275
0.654464 274
0.654464 273
0.654306 273
0.654306 272
0.654306 271
0.654176 271
0.654047 271
0.654047 270
0.654047 269
0.653911 269
0.653911 268
0.65378 268
0.653692 267
0.653692 266
0.653692 265
0.653692 264
0.653692 263
0.653566 263
0.653566 262
0.653566 261
0.653566 260
0.653412 260
0.653412 259
0.653412 258
0.653412 257
0.653412 256
0.653412 255
0.653277 255
0.653165 255
0.653165 254
0.653165 253
0.653165 252
0.653165 251
0.653165 250
0.653165 249
0.653165 248
0.653165 247
0.653165 246
0.653165 245
0.653032 245
0.653032 244
0.653032 243
0.653032 242
0.652972 241
0.652972 240
0.652972 239
0.652972 238
0.652968 237
0.652968 236
0.652811 236
0.652811 235
0.652724 234
0.652724 233
0.652724 232
0.652724 231
0.652724 230
0.652724 229
0.652724 228
0.652724 227
0.652724 226
0.652724 225
0.652624 225
0.652624 224
0.65262 223
0.65262 222
0.65262 221
0.65262 220
0.652514 220
0.652433 219
0.652433 218
0.652433 217
0.652385 216
0.652385 215
0.652254 215
0.652254 214
0.652254 213
0.652254 212
0.652254 211
0.65214 211
0.65214 210
0.65214 209
0.652007 209
0.652007 208
0.652007 207
0.651979 206
0.651844 206
0.651844 205
0.65175 204
0.65175 203
0.65175 202
0.65175 201
0.65175 200
0.651616 200
0.65153 199
0.65153 198
0.651422 198
0.651337 197
0.651337 196
0.651337 195
0.651226 195
0.651226 194
0.651099 194
0.651099 193
0.651099 192
0.651099 191
0.650996 191
0.650902 190
0.650775 190
0.650642 190
0.650642 189
0.650642 188
0.650642 187
0.650642 186
0.650642 185
0.650642 184
0.650525 184
0.650525 183
0.650525 182
0.650525 181
0.650376 181
0.65025 181
0.65015 181
0.65015 180
0.65015 179
0.65015 178
0.650148 177
0.650023 177
0.650023 176
0.650023 175
0.649936 174
0.649936 173
0.649834 173
0.649704 173
0.649704 172
0.649704 171
0.649545 171
0.64939 171
0.649274 171
0.649274 170
0.649126 170
0.649126 169
0.648969 169
0.648969 168
0.648969 167
0.648845 167
0.648721 167
0.648721 166
0.648721 165
0.648721 164
0.648721 163
0.648721 162
0.648721 161
0.648721 160
0.648575 160
0.648575 159
0.648575 158
0.648575 157
0.648575 156
0.648575 155
0.648443 155
0.648443 154
0.648443 153
0.648443 152
0.648443 151
0.648443 150
0.648316 150
0.648316 149
0.648169 149
0.648169 148
0.64804 148
0.647888 148
0.647888 147
0.64787 146
0.647731 146
0.647731 145
0.647731 144
0.647597 144
0.647597 143
0.647472 143
0.647472 142
0.647472 141
0.647472 140
0.647335 140
0.647335 139
0.647216 139
0.647071 139
0.647071 138
0.647071 137
0.646954 137
0.646824 137
0.646824 136
0.646699 136
0.646587 136
0.646437 136
0.646307 136
0.646169 136
0.646042 136
0.646042 134
0.645916 134
0.645916 133
0.64577 133
0.64577 132
0.64577 131
0.64577 130
0.645668 130
0.645668 129
0.645535 129
0.645426 129
0.645426 128
0.645278 128
0.645143 128
0.645143 127
0.645143 126
0.645143 125
0.645143 124
0.644976 124
0.644829 124
0.644707 124
0.644707 123
0.644707 122
0.644707 121
0.644707 120
0.644547 120
0.644547 119
0.644398 119
0.644263 119
0.644129 119
0.644033 118
0.643897 118
0.643897 117
0.64376 117
0.64376 116
0.64363 116
0.643502 116
0.643502 115
0.643378 115
0.643378 114
0.643378 113
0.643221 113
0.643221 112
0.643074 112
0.643074 111
0.643074 110
0.643074 109
0.642971 109
0.642971 108
0.642848 108
0.642699 108
0.642576 108
0.642576 107
0.642426 107
0.642426 106
0.642292 106
0.642177 106
0.642177 105
0.642033 105
0.641895 105
0.641895 104
0.641778 104
0.641665 104
0.641665 103
0.641665 102
0.641665 101
0.641665 100
0.641665 99
0.641532 99
0.641532 98
0.641484 97
0.641353 97
0.641353 96
0.641211 96
0.641073 96
0.641073 95
0.640919 95
0.640803 95
0.640652 95
0.640505 95
0.640403 95
0.640403 94
0.640307 93
0.640307 92
0.640307 91
0.640307 90
0.640192 90
0.640085 90
0.640085 89
0.640085 88
0.640085 87
0.640085 86
0.639933 86
0.639797 86
0.639644 86
0.639504 86
0.639355 86
0.639207 86
0.639207 85
0.639207 84
0.639065 84
0.638927 84
0.638927 83
0.638797 83
0.638656 83
0.638519 83
0.638371 83
0.638371 82
0.638254 82
0.638132 82
0.638132 81
0.637988 81
0.637869 81
0.637745 81
0.637636 81
0.637498 81
0.637498 80
0.637361 80
0.637267 79
0.637267 78
0.637143 78
0.636997 78
0.636997 77
0.636997 76
0.636866 76
0.636702 76
0.636702 75
0.636702 74
0.6367 73
0.636699 72
0.636558 72
0.636419 72
0.636289 72
0.636289 71
0.636176 71
0.63602 71
0.635869 71
0.635869 70
0.635869 69
0.635869 68
0.635746 68
0.635599 68
0.635449 68
0.635318 68
0.635318 67
0.635173 67
0.635173 66
0.63502 66
0.634876 66
0.634876 65
0.634876 64
0.634733 64
0.634596 64
0.634463 64
0.634321 64
0.634183 64
0.634183 63
0.634041 63
0.633873 63
0.633792 62
0.633672 62
0.633544 62
0.633411 62
0.633281 62
0.633281 61
0.633133 61
0.63299 61
0.632828 61
0.63269 61
0.632567 61
0.632567 60
0.63244 60
0.632305 60
0.632127 60
0.632127 59
0.632 59
0.631845 59
0.631726 59
0.631586 59
0.631454 59
0.631329 59
0.631191 59
0.631057 59
0.630929 59
0.630791 59
0.630785 58
0.630785 57
0.630656 57
0.630656 56
0.630508 56
0.630355 56
0.630225 56
0.630186 55
0.630034 55
0.630014 54
0.630014 53
0.629865 53
0.629711 53
0.629566 53
0.62943 53
0.62943 52
0.62943 51
0.629292 51
0.629292 50
0.629292 49
0.629153 49
0.629006 49
0.629006 48
0.628869 48
0.628719 48
0.628583 48
0.628534 47
0.628394 47
0.628272 47
0.628151 47
0.628018 47
0.627882 47
0.627742 47
0.627579 47
0.627579 46
0.627439 46
0.627325 46
0.627202 46
0.62707 46
0.62707 45
0.626927 45
0.626927 44
0.62681 44
0.62681 43
0.626664 43
0.626522 43
0.626382 43
0.626271 43
0.626126 43
0.625983 43
0.625859 43
0.625702 43
0.625546 43
0.625434 43
0.625346 42
0.625238 42
0.625087 42
0.624945 42
0.624808 42
0.624668 42
0.624551 42
0.624412 42
0.624262 42
0.624114 42
0.623995 42
0.623852 42
0.623713 42
0.623713 41
0.623713 40
0.623561 40
0.62342 40
0.623282 40
0.623147 40
0.623005 40
0.622869 40
0.622713 40
0.622563 40
0.622426 40
0.6223 40
0.622181 40
0.622028 40
0.621878 40
0.621728 40
0.621561 40
0.621433 40
0.621316 40
0.621316 39
0.621195 39
0.621047 39
0.620923 39
0.620777 39
0.620638 39
0.620485 39
0.620348 39
0.620199 39
0.619955 39
0.619838 39
0.619719 39
0.619577 39
0.619433 39
0.619299 39
0.619299 38
0.619186 38
0.619075 38
0.619075 37
0.618946 37
0.618816 37
0.618672 37
0.618547 37
0.618437 37
0.618297 37
0.618135 37
0.61799 37
0.617862 37
0.617718 37
0.61758 37
0.61758 36
0.617457 36
0.617457 35
0.617307 35
0.617161 35
0.617025 35
0.616941 34
0.616801 34
0.616663 34
0.616527 34
0.616391 34
0.616262 34
0.616151 34
0.616151 33
0.616017 33
0.615877 33
0.615743 33
0.615634 33
0.615486 33
0.615348 33
0.615257 32
0.615121 32
0.614978 32
0.614873 32
0.614873 31
0.614721 31
0.614571 31
0.61445 31
0.61431 31
0.614167 31
0.614031 31
0.614031 30
0.613908 30
0.613798 30
0.613659 30
0.613549 30
0.613421 30
0.613267 30
0.613267 29
0.613118 29
0.612972 29
0.612829 29
0.612693 29
0.612557 29
0.612557 28
0.612425 28
0.612267 28
0.612161 28
0.612026 28
0.611883 28
0.611742 28
0.611609 28
0.61146 28
0.611322 28
0.61118 28
0.611054 28
0.61091 28
0.610806 28
0.610676 28
0.610557 28
0.610422 28
0.610291 28
0.610145 28
0.610042 28
0.609891 28
0.609743 28
0.60959 28
0.609435 28
0.60932 28
0.60919 28
0.609052 28
0.608931 28
0.608783 28
0.608633 28
0.608504 28
0.608374 28
0.608229 28
0.608075 28
0.607956 28
0.60783 28
0.607686 28
0.607544 28
0.607385 28
0.607263 28
0.607115 28
0.606997 28
0.606857 28
0.606715 28
0.606574 28
0.606477 28
0.606335 28
0.606183 28
0.606055 28
0.605929 28
0.605776 28
0.605644 28
0.605494 28
0.605369 28
0.605203 28
0.605056 28
0.604903 28
0.60476 28
0.604619 28
0.604467 28
0.604329 28
0.604198 28
0.60404 28
0.603908 28
0.603802 28
0.603664 28
0.603514 28
0.603378 28
0.603228 28
0.603101 28
0.602964 28
0.602825 28
0.602674 28
0.602674 27
0.602521 27
0.602386 27
0.602231 26
0.602231 25
0.602131 25
0.601992 25
0.601992 24
0.601854 24
0.601715 24
0.601577 24
0.601443 24
0.601307 24
0.601166 24
0.601034 24
0.600893 24
0.600893 23
0.600752 23
0.600612 23
0.600465 23
0.600325 23
0.600193 23
0.600051 23
0.600051 22
0.600051 21
0.599933 21
0.599802 21
0.599672 21
0.599672 20
0.599544 20
0.599302 20
0.599173 20
0.599039 20
0.598766 20
0.598635 20
0.598487 20
0.598353 20
0.598225 20
0.598098 20
0.597958 20
0.597806 20
0.597663 20
0.597535 20
0.597408 20
0.597293 20
0.597162 20
0.597027 20
0.596889 20
0.596756 20
0.596756 19
0.596619 19
0.596467 19
0.596321 19
0.596184 19
0.596051 19
0.595908 19
0.595764 19
0.595624 19
0.595471 19
0.595219 19
0.595071 19
0.594928 19
0.594633 19
0.594487 19
0.59435 19
0.59435 18
0.594225 18
0.594079 18
0.593957 18
0.593815 18
0.59367 18
0.593523 18
0.593408 18
0.59328 18
0.593122 18
0.593008 18
0.592868 18
0.592723 18
0.592723 17
0.59245 17
0.592301 17
0.592136 17
0.591994 17
0.591848 17
0.591735 17
0.59161 17
0.591479 17
0.591354 17
0.591216 17
0.59107 17
0.590916 17
0.590762 17
0.590633 17
0.590481 17
0.590335 17
0.590196 17
0.590067 17
0.589929 17
0.589779 17
0.589779 16
0.589673 16
0.589517 16
0.589369 16
0.589092 16
0.588947 16
0.588814 16
0.58868 16
0.588534 16
0.588382 16
0.588239 16
0.5881 16
0.587853 16
0.587716 16
0.587455 16
0.587303 16
0.587163 16
0.587043 16
0.586902 16
0.586763 16
0.586623 16
0.586481 16
0.586338 16
0.586236 16
0.586107 16
0.58596 16
0.585812 16
0.585667 16
0.585529 16
0.585389 16
0.585251 16
0.584981 16
0.584868 16
0.584718 16
0.584572 16
0.584428 16
0.584158 16
0.584004 16
0.583859 16
0.583701 16
0.5837 15
0.583544 15
0.583407 15
0.583285 15
0.583143 15
0.583143 14
0.583007 14
0.582884 14
0.582739 14
0.582605 14
0.582471 14
0.582372 14
0.582225 14
0.582062 14
0.58177 14
0.581621 14
0.581327 14
0.581185 14
0.581058 14
0.580922 14
0.580795 14
0.580658 14
0.580507 14
0.580372 14
0.580235 14
0.57997 14
0.579826 14
0.579704 14
0.579566 14
0.579436 14
0.579292 14
0.579163 14
0.579018 14
0.578867 14
0.578725 14
0.578593 14
0.578456 14
0.578326 14
0.578193 14
0.578064 14
0.577956 14
0.57781 14
0.577661 14
0.577517 14
0.577399 14
0.577248 14
0.5771 14
0.576949 14
0.576813 14
0.576679 14
0.576533 14
0.576393 14
0.575981 14
0.575826 14
0.575826 13
0.575671 13
0.57553 13
0.575374 13
0.57524 13
0.575087 13
0.57493 13
0.574793 13
0.57465 13
0.574508 13
0.574389 13
0.574235 13
0.574099 13
0.573959 13
0.573698 13
0.573556 13
0.573409 13
0.573258 13
0.573111 13
0.572998 13
0.57285 13
0.57285 12
0.572722 12
0.572596 12
0.572456 12
0.572319 12
0.572173 12
0.5719 12
0.571745 12
0.571599 12
0.571462 12
0.571316 12
0.571165 12
0.571025 12
0.570882 12
0.570739 12
0.570614 12
0.570476 12
0.570332 12
0.570188 12
0.570045 12
0.569911 12
0.569785 12
0.569645 12
0.569506 12
0.569357 12
0.569242 12
0.569109 12
0.568961 12
0.568805 12
0.568659 12
0.568525 12
0.568394 12
0.568253 12
0.568125 12
0.567989 12
0.567837 12
0.567696 12
0.567436 12
0.567292 12
0.567148 12
0.566993 12
0.56686 12
0.566719 12
0.566575 12
0.566434 12
0.566142 12
0.565728 12
0.565585 12
0.565459 12
0.565185 12
0.564896 12
0.564772 12
0.564639 12
0.564494 12
0.56436 12
0.564214 12
0.564074 12
0.563905 12
0.563748 12
0.563601 12
0.56346 12
0.563306 12
0.563003 12
0.562868 12
0.562753 12
0.562631 12
0.562482 12
0.562343 12
0.562203 12
0.562051 12
0.561887 12
0.5616 12
0.56145 12
0.561336 12
0.561061 12
0.560921 12
0.560769 12
0.56062 12
0.560483 12
0.560367 12
0.560242 12
0.559961 12
0.559654 12
0.55952 12
0.55938 12
0.559258 12
0.559126 12
0.558991 12
0.558863 12
0.558727 12
0.558594 12
0.558295 12
0.558137 12
0.558007 12
0.557874 12
0.557758 12
0.557758 11
0.557627 11
0.557456 11
0.55732 10
0.557183 10
0.55693 10
0.556803 10
0.556669 10
0.556409 10
0.556266 10
0.556116 10
0.555979 10
0.555844 10
0.555705 10
0.555567 10
0.555442 10
0.555297 10
0.555008 10
0.554863 10
0.55472 10
0.55458 10
0.554439 10
0.554282 10
0.554149 10
0.554015 10
0.553863 10
0.553724 10
0.55358 10
0.553441 10
0.553308 10
0.553173 10
0.553042 10
0.552907 10
0.552619 10
0.552462 10
0.552189 10
0.552049 10
0.551913 10
0.551616 10
0.551038 10
0.55075 10
0.55062 10
0.550483 10
0.550347 10
0.550214 10
0.550077 10
0.549937 10
0.549786 10
0.549499 10
0.549361 10
0.54923 10
0.549 10
0.548862 10
0.548718 10
0.548432 10
0.548285 10
0.548143 10
0.547868 10
0.547737 10
0.54747 10
0.547043 10
0.546919 10
0.546766 10
0.546766 9
0.546658 8
0.546533 8
0.546233 8
0.545944 8
0.545814 8
0.545543 8
0.545254 8
0.545096 8
0.544952 8
0.544673 8
0.544547 8
0.54442 8
0.544148 8
0.544023 8
0.5436 8
0.543305 8
0.543162 8
0.543021 8
0.542879 8
0.54273 8
0.542585 8
0.542325 8
0.542072 8
0.541806 8
0.541659 8
0.541507 8
0.541376 8
0.54124 8
0.540965 8
0.540686 8
0.540545 8
0.540398 8
0.540261 8
0.54012 8
0.540002 8
0.539719 8
0.539575 8
0.539283 8
0.539138 8
0.538991 8
0.538854 8
0.538568 8
0.538568 7
0.538434 7
0.538282 7
0.538128 7
0.537836 7
0.537707 7
0.537563 7
0.537427 7
0.537287 7
0.537157 7
0.537017 7
0.536865 7
0.536739 7
0.536467 7
0.536324 7
0.536175 7
0.536021 7
0.535884 7
0.535746 7
0.535451 7
0.535316 7
0.535051 7
0.534917 7
0.534771 7
0.534618 7
0.534486 7
0.534211 7
0.534066 7
0.533794 7
0.533492 7
0.533215 7
0.533067 7
0.532776 7
0.532649 7
0.532388 7
0.5321 7
0.531965 7
0.53169 7
0.531415 7
0.531114 7
0.53084 7
0.530701 7
0.530417 7
0.53027 7
0.530122 7
0.529986 7
0.529837 7
0.5297 7
0.52942 7
0.529176 7
0.528919 7
0.528504 7
0.528372 7
0.528238 7
0.528094 7
0.527954 7
0.527802 7
0.527654 7
0.527506 7
0.527234 7
0.52681 7
0.526676 7
0.526538 7
0.526401 7
0.52627 7
0.526127 7
0.525982 7
0.525845 7
0.525723 7
0.525576 7
0.525138 7
0.524722 7
0.524579 7
0.524429 7
0.524171 7
0.524037 7
0.523891 7
0.523765 6
0.523617 6
0.523474 6
0.523338 6
0.523191 6
0.523045 6
0.52292 6
0.522774 6
0.522635 6
0.522491 6
0.522377 6
0.522082 6
0.521945 6
0.521815 6
0.521365 6
0.521082 6
0.520935 6
0.520511 6
0.520383 6
0.520255 6
0.520107 6
0.519958 6
0.519822 6
0.519685 6
0.519571 6
0.518976 6
0.518838 6
0.518732 6
0.518585 6
0.517608 6
0.517329 6
0.517199 6
0.51692 6
0.516772 6
0.51665 6
0.516262 6
0.516 6
0.515724 6
0.515309 6
0.515176 6
0.514913 6
0.514082 6
0.513947 6
0.513798 6
0.513657 6
0.513526 6
0.512814 6
0.512516 6
0.51239 6
0.51197 6
0.511703 6
0.511404 6
0.51084 6
0.51055 6
0.510395 6
0.510258 6
0.510129 6
0.509848 6
0.50944 6
0.509153 6
0.508731 6
0.508595 6
0.508441 6
0.508158 6
0.50773 6
0.507454 6
0.506626 6
0.506344 6
0.506206 6
0.505929 6
0.505783 6
0.505514 6
0.505116 6
0.504979 6
0.504829 6
0.504692 6
0.504558 6
0.504409 6
0.50413 6
0.503836 6
0.503141 6
0.502451 6
0.502184 6
0.501898 6
0.501758 6
0.501463 6
0.501045 6
0.500479 6
0.500344 6
0.500191 6
0.49963 6
0.4992 6
0.498781 6
0.498491 6
0.498203 6
0.497784 6
0.497623 6
0.497498 6
0.497216 6
0.49707 6
0.496676 6
0.496535 6
0.496259 6
0.495536 6
0.495255 6
0.494702 6
0.494437 6
0.494292 6
0.49387 6
0.493444 6
0.493162 6
0.492611 6
0.492475 6
0.492045 6
0.491907 6
0.491473 6
0.491327 6
0.490937 6
0.490372 6
0.490101 6
0.489816 6
0.489274 6
0.48883 6
0.488704 6
0.488563 6
0.488002 6
0.487466 6
0.487056 6
0.486613 6
0.486349 6
0.485926 6
0.485502 6
0.485198 6
0.484354 6
0.484068 6
0.483772 6
0.483632 6
0.483355 6
0.483208 6
0.482768 6
0.481916 6
0.481623 6
0.481203 6
0.480757 6
0.480636 6
0.480193 6
0.479791 6
0.479664 6
0.479532 6
0.478994 6
0.478734 6
0.478021 6
0.477461 6
0.477065 6
0.476642 6
0.476351 6
0.475524 6
0.474959 6
0.47441 6
0.473566 6
0.47274 6
0.472176 6
0.471894 6
0.471451 6
0.470894 6
0.470039 6
0.469327 6
0.469173 6
0.468899 6
0.468636 6
0.46824 6
0.467831 6
0.467408 6
0.466686 6
0.466283 6
0.465866 6
0.465454 6
0.464578 6
0.463738 6
0.463225 6
0.462944 6
0.462388 6
0.461665 6
0.461254 6
0.460388 6
0.459827 6
0.459151 6
0.459014 6
0.458716 6
0.458183 6
0.457885 6
0.457176 6
0.456749 6
0.456342 6
0.455907 6
0.455769 6
0.45549 6
0.454641 6
0.454348 6
0.454076 6
0.453787 6
0.453645 6
0.453501 6
0.453072 6
0.452245 6
0.451558 6
0.450984 6
0.450435 6
0.450018 6
0.449757 6
0.449051 6
0.448345 6
0.447503 6
0.446828 6
0.446131 6
0.445841 6
0.445424 6
0.444747 6
0.444317 6
0.443625 6
0.442898 6
0.442324 6
0.441615 6
0.441467 6
0.440614 6
0.440463 6
0.439756 6
0.439483 6
0.438714 6
0.438555 6
0.437704 6
0.437438 6
0.43674 6
0.43618 6
0.435331 6
0.434762 6
0.434195 6
0.433636 6
0.433209 6
0.432603 6
0.432033 6
0.431599 6
0.431038 6
0.430477 6
0.429522 6
0.429374 6
0.428686 6
0.428127 6
0.427701 6
0.427162 6
0.426032 6
0.425475 6
0.424757 6
0.423729 6
0.423015 6
0.422213 6
0.42139 6
0.420971 6
0.420579 6
0.42016 6
0.419748 6
0.419179 6
0.418187 6
0.417609 6
0.416773 6
0.416077 6
0.415092 6
0.41455 6
0.413574 6
0.412593 6
0.411378 6
0.410378 6
0.40965 6
0.408638 6
0.407481 6
0.406652 6
0.405553 6
0.40488 6
0.403163 6
0.402753 6
0.401361 6
0.400483 6
0.39951 6
0.398238 6
0.39739 6
0.395868 6
0.394754 6
0.393635 6
0.392209 6
0.391207 6
0.390526 6
0.389703 6
0.389126 6
0.387738 6
0.386239 6
0.385217 6
0.38452 6
0.383502 5
0.381515 5
0.380509 5
0.379689 5
0.378413 5
0.376592 5
0.375039 4
0.374363 4
0.372527 4
0.371258 4
0.369128 4
0.368117 4
0.366443 4
0.364756 4
0.363208 4
0.360863 4
0.359275 4
0.357321 4
0.355786 4
0.353427 4
0.351445 4
0.349319 4
0.34761 4
0.345231 4
0.343302 4
0.341035 4
0.338916 4
0.336532 4
0.335397 4
0.333384 4
0.330414 4
0.327934 4
0.326834 4
0.323848 4
0.320246 4
0.318305 4
0.315082 4
0.31326 4
0.309559 4
0.306543 4
0.302728 3
0.299486 3
0.29626 3
0.292051 3
0.28868 3
0.285314 3
0.281252 3
0.277342 3
0.272828 3
0.268516 3
0.265165 3
0.260638 3
0.256329 3
0.25121 3
0.245638 3
0.242188 3
0.235726 3
0.231687 3
0.224428 3
0.215334 3
0.208909 3
0.199884 3
0.191273 3
0.183796 2
0.174456 2
0.163858 2
0.15115 2
0.138838 2
0.114066 2
0.0893365 1
0.0528909 1
0 0
